.data

PokeAttack: 	.float	1,1,1,1,1,0.5,1,0,0.5,1,1,1,1,1,1,1,1,1
	   	.float	2,1,0.5,0.5,1,2,0.5,0,2,1,1,1,1,0.5,2,1,2,0.5
	  	.float	1,2,1,1,1,0.5,2,1,0.5,1,1,2,0.5,1,1,1,1,1
	   	.float	1,1,1,0.5,0.5,0.5,1,0.5,0,1,1,2,1,1,1,1,1,2
		.float	1,1,0,2,1,2,0.5,1,2,2,1,0.5,2,1,1,1,1,1
		.float	1,0.5,2,1,0.5,1,2,1,0.5,2,1,1,1,1,2,1,1,1
		.float	1,0.5,0.5,0.5,1,1,1,0.5,0.5,0.5,1,2,1,2,1,1,2,0.5
		.float	0,1,1,1,1,1,1,2,1,1,1,1,1,2,1,1,0.5,1
		.float	1,1,1,1,1,2,1,1,0.5,0.5,0.5,1,0.5,1,2,1,1,2
		.float	1,1,1,1,1,0.5,2,1,2,0.5,0.5,2,1,1,2,0.5,1,1
		.float	1,1,1,1,2,2,1,1,1,2,0.5,0.5,1,1,1,0.5,1,1
		.float	1,1,0.5,0.5,2,2,0.5,1,0.5,0.5,2,0.5,1,1,1,0.5,1,1
		.float	1,1,2,1,0,1,1,1,1,1,2,0.5,0.5,1,1,0.5,1,1
		.float	1,2,1,2,1,1,1,1,0.5,1,1,1,1,0.5,1,1,0,1
		.float	1,1,2,1,2,1,1,1,0.5,0.5,0.5,2,1,1,0.5,2,1,1
		.float	1,1,1,1,1,1,1,1,0.5,1,1,1,1,1,1,2,1,0
		.float	1,0.5,1,1,1,1,1,2,1,1,1,1,1,2,1,1,0.5,0.5
		.float	1,2,1,0.5,1,1,1,1,0.5,0.5,1,1,1,1,1,2,2,1
nroColumnas: .word 18
.eqv longitudDato 4

espacio: .asciiz " "
salto: .asciiz "\n"

.text


principal:
	la $s0, PokeAttack
	#l.s $f12 ($s0)       
    	#li $v0, 2 
	lw $s7, nroColumnas
	add $t0, $zero, 0
bucle1:
	mul $t1, $t0, $s7
 	add $t6, $zero, 0
bucle2:
	addi $t2, $t1, 0
	add $t2, $t2, $t6
	mul $t2, $t2, longitudDato
	add $t3, $t2, $s0

	l.s $f12 ($t3)      
	li $v0, 2
	syscall

	li $v0, 4
	la $a0, espacio
	syscall

	addi $t6, $t6, 1
	blt $t6, $s7, bucle2
	li $v0, 4
	la $a0, salto
	syscall

	addi $t0, $t0, 1
	blt $t0, $s7, bucle1
